0.050000000000000044
0.033333333333333326
0.30941153300077734,0.42978232017246876,-1.0454592064194754,-0.617836868060479
0.16359679386328535
31,78
-0.3873345805266859,-1.107095356320541,0.7665717697588443,-1.2586115085387681
3.0299619939061566
31,40,41,42,43,44,45,46,47,48,49,50,51,52,53,54,55,56,57,58,59,60,61,62,63,64,65,66,67,68,69,70,71,72,73,74,75,76,77,78,79,81,83,86,88,89,91,92,93,95,98,99,100,103,104,107,112,116,119
-0.8739570259545733,-1.3199984182624178,1.7419980498827634,3.163425196958783
-4.634438705389029
46,48,50,52,57,63,64,80,86,89,93,95,96,97,99,101,103,104,107,108,119