0.125
0.23333333333333334
-0.14732687221039667, 0.3506142705998917, -0.7191508013197747, -0.3419994993214879
1.894306660993957
40, 44, 59, 73, 78, 10, 13, 14, 15, 31, 34
-0.1553351677417052, -0.586141840782314, 0.18867405128687545, -0.2672642473505444
1.4332329377798487
2, 3, 14, 15, 19, 20, 24, 27, 28, 31, 32, 35, 37, 81, 82, 83, 84, 86, 88, 89, 91, 92, 93, 95, 96, 97, 98, 99, 100, 102, 103, 104, 105, 107, 108, 109, 112, 113, 115, 116, 117, 119, 40, 41, 42, 43, 44, 45, 46, 47, 48, 49, 50, 51, 52, 53, 54, 55, 56, 57, 58, 59, 60, 61, 62, 63, 64, 65, 66, 67, 68, 69, 70, 71, 72, 73, 74, 75, 76, 77, 78, 79
0.0917646564024913, -0.08722690842768069, 1.1055461831446347, 0.8989915648301731
-7.220857460580062
41, 43, 45, 46, 48, 50, 52, 53, 54, 55, 56, 57, 58, 63, 64, 65, 66, 67, 70, 71, 77, 80, 81, 83, 84, 86, 89, 91, 93, 96, 97, 103, 104, 107, 108, 109, 111, 112, 115, 116, 117, 119
